2 1 5
5 1 52
5 2 13
8 1 189
8 3 21
11 1 464
11 2 116
11 4 29
14 1 925
14 5 37
17 2 405
17 3 180
17 6 45
17 9 20
17 18 5
20 7 53
23 4 244
23 8 61
26 3 621
26 9 69
29 5 308
29 10 77
32 11 85
35 4 837
35 6 372
35 12 93
38 13 101
41 7 436
41 14 109
44 9 325
44 15 117
44 45 13
47 8 500
47 10 320
47 16 125
47 20 80
47 40 20
47 80 5
50 17 133
53 9 564
53 18 141
56 19 149
59 10 628
59 20 157
62 21 165
65 11 692
65 22 173
68 23 181
71 12 756
71 18 336
71 24 189
71 36 84
71 72 21
74 25 197
77 13 820
77 26 205
80 27 213
83 14 884
83 28 221
86 29 229
89 30 237
92 31 245
92 217 5
95 32 253
98 33 261
98 99 29
101 34 269
104 35 277
107 36 285
110 37 293
113 38 301
116 39 309
119 40 317
122 41 325
122 205 13
125 42 333
125 63 148
125 126 37
128 43 341
131 44 349
134 45 357
137 46 365
140 47 373
143 48 381
146 49 389
149 50 397
152 51 405
152 153 45
152 459 5
155 52 413
158 53 421
161 54 429
164 55 437
167 56 445
170 57 453
173 58 461
176 59 469
179 60 477
179 90 212
179 180 53
182 61 485
185 62 493
188 63 501
191 64 509
194 65 517
197 66 525
197 110 189
197 165 84
197 330 21
200 67 533
203 68 541
206 69 549
206 207 61
209 70 557
212 71 565
215 72 573
218 73 581
221 74 589
224 75 597
227 76 605
227 209 80
227 418 20
230 77 613
233 78 621
233 117 276
233 234 69
236 79 629
239 80 637
239 112 325
239 140 208
239 280 52
239 560 13
242 81 645
245 82 653
248 83 661
260 261 77
272 455 29
287 144 340
287 288 85
314 315 93
341 171 404
341 342 101
347 290 148
347 580 37
368 369 109
386 301 189
395 297 208
395 396 117
422 423 125
Total = 149 
